2.087390000000000079e+00 1.395040000000000058e+00
2.083140000000000214e+00 1.374190000000000023e+00
2.078899999999999970e+00 1.353050000000000086e+00
2.074660000000000171e+00 1.330699999999999994e+00
2.070409999999999862e+00 1.310159999999999991e+00
2.066170000000000062e+00 1.290410000000000057e+00
2.061929999999999819e+00 1.271169999999999911e+00
2.057690000000000019e+00 1.250729999999999897e+00
2.053640000000000132e+00 1.226730000000000098e+00
2.049780000000000157e+00 1.203470000000000040e+00
2.045920000000000183e+00 1.179880000000000040e+00
2.042069999999999830e+00 1.156840000000000090e+00
2.038209999999999855e+00 1.134130000000000082e+00
2.034159999999999968e+00 1.111120000000000108e+00
2.029920000000000169e+00 1.088270000000000071e+00
2.025669999999999860e+00 1.064219999999999944e+00
2.021430000000000060e+00 1.040470000000000006e+00
2.017380000000000173e+00 1.015290000000000026e+00
2.013720000000000176e+00 9.919959999999999889e-01
2.010440000000000005e+00 9.692129999999999912e-01
2.007740000000000080e+00 9.445919999999999872e-01
2.005230000000000068e+00 9.205489999999999506e-01
2.002920000000000034e+00 8.944699999999999873e-01
2.001959999999999962e+00 8.666890000000000427e-01
2.001180000000000181e+00 8.421610000000000484e-01
2.000370000000000203e+00 8.102460000000000218e-01
2.000249999999999861e+00 7.600569999999999826e-01
2.004080000000000084e+00 7.320959999999999690e-01
2.008319999999999883e+00 7.110499999999999599e-01
2.012560000000000127e+00 6.919079999999999675e-01
2.016799999999999926e+00 6.839910000000000156e-01
2.021049999999999791e+00 6.803829999999999600e-01
2.025290000000000035e+00 6.769760000000000222e-01
2.029529999999999834e+00 6.736689999999999623e-01
2.033770000000000078e+00 6.700610000000000177e-01
2.038019999999999943e+00 6.677560000000000162e-01
2.042260000000000186e+00 6.658519999999999994e-01
2.046499999999999986e+00 6.638469999999999649e-01
2.050739999999999785e+00 6.619429999999999481e-01
2.054990000000000094e+00 6.599390000000000533e-01
2.059229999999999894e+00 6.594379999999999686e-01
2.063470000000000137e+00 6.594379999999999686e-01
2.067720000000000002e+00 6.596379999999999466e-01
2.071959999999999802e+00 6.605400000000000160e-01
2.076200000000000045e+00 6.616429999999999811e-01
2.080439999999999845e+00 6.617429999999999701e-01
2.084690000000000154e+00 6.634459999999999802e-01
2.088929999999999954e+00 6.648490000000000233e-01
2.093170000000000197e+00 6.663529999999999731e-01
2.097409999999999997e+00 6.681570000000000009e-01
2.101659999999999862e+00 6.698600000000000110e-01
2.105900000000000105e+00 6.717649999999999455e-01
2.110139999999999905e+00 6.736689999999999623e-01
2.114380000000000148e+00 6.758739999999999748e-01
2.118630000000000013e+00 6.776769999999999738e-01
2.122869999999999813e+00 6.798819999999999864e-01
2.127110000000000056e+00 6.821869999999999878e-01
2.131349999999999856e+00 6.848929999999999740e-01
2.135600000000000165e+00 6.881000000000000449e-01
2.139839999999999964e+00 6.913070000000000048e-01
2.144080000000000208e+00 6.946139999999999537e-01
2.148320000000000007e+00 6.979220000000000423e-01
2.152569999999999872e+00 7.015289999999999582e-01
2.156810000000000116e+00 7.052370000000000028e-01
2.161049999999999915e+00 7.090459999999999541e-01
2.165290000000000159e+00 7.128539999999999877e-01
2.169540000000000024e+00 7.163620000000000543e-01
2.173779999999999824e+00 7.203699999999999548e-01
2.178020000000000067e+00 7.245800000000000018e-01
2.182259999999999867e+00 7.286890000000000311e-01
2.186510000000000176e+00 7.327979999999999494e-01
2.190749999999999975e+00 7.370069999999999677e-01
2.194990000000000219e+00 7.411159999999999970e-01
2.199240000000000084e+00 7.451240000000000085e-01
2.203479999999999883e+00 7.491330000000000489e-01
2.207720000000000127e+00 7.531419999999999781e-01
2.211959999999999926e+00 7.573509999999999964e-01
2.216209999999999791e+00 7.617610000000000214e-01
2.220450000000000035e+00 7.666709999999999914e-01
2.224689999999999834e+00 7.715819999999999901e-01
2.228930000000000078e+00 7.765929999999999778e-01
2.233179999999999943e+00 7.814029999999999587e-01
2.237420000000000186e+00 7.866149999999999531e-01
2.241659999999999986e+00 7.915250000000000341e-01
2.245899999999999785e+00 7.967370000000000285e-01
2.250150000000000095e+00 8.019479999999999942e-01
2.254389999999999894e+00 8.070589999999999709e-01
2.258630000000000138e+00 8.123709999999999543e-01
2.262869999999999937e+00 8.177830000000000377e-01
2.267119999999999802e+00 8.234949999999999770e-01
2.271360000000000046e+00 8.295080000000000231e-01
2.275599999999999845e+00 8.355209999999999582e-01
2.279840000000000089e+00 8.414340000000000153e-01
2.284089999999999954e+00 8.476479999999999571e-01
2.288330000000000197e+00 8.535610000000000142e-01
2.292569999999999997e+00 8.596740000000000492e-01
2.296809999999999796e+00 8.656869999999999843e-01
2.301060000000000105e+00 8.717000000000000304e-01
2.305299999999999905e+00 8.779139999999999722e-01
2.309540000000000148e+00 8.840270000000000072e-01
2.313790000000000013e+00 8.904410000000000380e-01
2.318029999999999813e+00 8.968549999999999578e-01
2.322270000000000056e+00 9.036699999999999733e-01
2.326509999999999856e+00 9.109859999999999625e-01
2.330760000000000165e+00 9.179009999999999669e-01
2.334999999999999964e+00 9.254170000000000451e-01
2.339240000000000208e+00 9.328330000000000233e-01
2.343480000000000008e+00 9.403500000000000192e-01
2.347729999999999873e+00 9.478659999999999863e-01
2.351970000000000116e+00 9.552819999999999645e-01
2.356209999999999916e+00 9.628989999999999494e-01
2.360450000000000159e+00 9.709160000000000013e-01
2.364700000000000024e+00 9.789339999999999709e-01
2.368939999999999824e+00 9.869510000000000227e-01
2.373180000000000067e+00 9.948679999999999746e-01
2.377419999999999867e+00 1.003190000000000026e+00
2.381670000000000176e+00 1.011600000000000055e+00
2.385909999999999975e+00 1.020019999999999927e+00
2.390150000000000219e+00 1.028440000000000021e+00
2.394390000000000018e+00 1.036759999999999904e+00
2.398639999999999883e+00 1.045779999999999932e+00
2.402880000000000127e+00 1.055299999999999905e+00
2.407119999999999926e+00 1.064920000000000089e+00
2.411360000000000170e+00 1.074440000000000062e+00
2.415610000000000035e+00 1.084060000000000024e+00
2.419849999999999834e+00 1.093579999999999997e+00
2.424090000000000078e+00 1.103909999999999947e+00
2.428329999999999878e+00 1.114430000000000032e+00
2.432580000000000187e+00 1.125950000000000006e+00
2.436819999999999986e+00 1.136980000000000102e+00
2.441059999999999786e+00 1.148600000000000065e+00
2.445310000000000095e+00 1.160330000000000084e+00
2.449549999999999894e+00 1.172050000000000036e+00
2.453790000000000138e+00 1.184479999999999977e+00
2.458029999999999937e+00 1.197210000000000107e+00
2.462279999999999802e+00 1.209940000000000015e+00
2.466520000000000046e+00 1.222969999999999891e+00
2.470759999999999845e+00 1.236390000000000100e+00
2.475000000000000089e+00 1.250119999999999898e+00
2.479249999999999954e+00 1.266760000000000108e+00
2.483490000000000197e+00 1.284599999999999964e+00
2.487729999999999997e+00 1.302440000000000042e+00
2.491969999999999796e+00 1.321080000000000032e+00
2.496220000000000105e+00 1.341220000000000079e+00
2.500459999999999905e+00 1.361869999999999914e+00
2.504700000000000149e+00 1.382509999999999906e+00
2.508560000000000123e+00 1.404539999999999900e+00
2.512030000000000207e+00 1.427929999999999922e+00
2.515499999999999847e+00 1.452309999999999990e+00
2.518590000000000106e+00 1.478050000000000086e+00
2.521090000000000053e+00 1.502040000000000042e+00
2.523410000000000153e+00 1.525369999999999893e+00
2.525529999999999831e+00 1.549520000000000008e+00
2.527460000000000040e+00 1.573769999999999891e+00
2.529389999999999805e+00 1.596700000000000008e+00
2.530349999999999877e+00 1.622109999999999941e+00
2.531239999999999934e+00 1.653140000000000054e+00
2.531309999999999949e+00 1.673650000000000082e+00
2.531800000000000050e+00 1.689910000000000023e+00
2.531699999999999839e+00 1.718480000000000008e+00
2.531699999999999839e+00 1.742729999999999890e+00
2.531080000000000219e+00 1.772199999999999998e+00
2.530079999999999885e+00 1.801080000000000014e+00
2.528610000000000024e+00 1.831949999999999967e+00
2.526689999999999880e+00 1.859509999999999996e+00
2.524760000000000115e+00 1.885750000000000037e+00
2.522639999999999993e+00 1.909929999999999906e+00
2.520319999999999894e+00 1.935279999999999889e+00
2.517809999999999881e+00 1.960429999999999895e+00
2.514730000000000132e+00 1.984399999999999942e+00
2.511449999999999960e+00 2.009189999999999809e+00
2.507789999999999964e+00 2.033129999999999882e+00
2.503540000000000099e+00 2.055480000000000196e+00
2.499299999999999855e+00 2.077030000000000154e+00
2.495060000000000056e+00 2.098770000000000024e+00
2.490819999999999812e+00 2.117509999999999781e+00
2.486569999999999947e+00 2.135250000000000092e+00
2.482330000000000148e+00 2.150689999999999991e+00
2.478089999999999904e+00 2.165319999999999911e+00
2.473850000000000104e+00 2.178350000000000009e+00
2.469599999999999795e+00 2.190669999999999895e+00
2.465359999999999996e+00 2.202700000000000102e+00
2.461120000000000196e+00 2.212419999999999831e+00
2.456879999999999953e+00 2.221340000000000092e+00
2.452630000000000088e+00 2.230059999999999931e+00
2.448389999999999844e+00 2.238680000000000003e+00
2.444150000000000045e+00 2.246500000000000163e+00
2.439909999999999801e+00 2.253509999999999902e+00
2.435659999999999936e+00 2.258620000000000072e+00
2.431420000000000137e+00 2.263630000000000031e+00
2.427179999999999893e+00 2.268740000000000201e+00
2.422940000000000094e+00 2.273649999999999949e+00
2.418689999999999785e+00 2.278160000000000185e+00
2.414449999999999985e+00 2.279970000000000052e+00
2.410210000000000186e+00 2.280769999999999964e+00
2.405959999999999877e+00 2.282169999999999810e+00
2.401720000000000077e+00 2.283479999999999954e+00
2.397479999999999833e+00 2.284380000000000077e+00
2.393240000000000034e+00 2.284380000000000077e+00
2.388990000000000169e+00 2.282469999999999999e+00
2.384749999999999925e+00 2.281769999999999854e+00
2.380510000000000126e+00 2.279970000000000052e+00
2.376269999999999882e+00 2.279269999999999907e+00
2.372020000000000017e+00 2.276860000000000106e+00
2.367780000000000218e+00 2.273550000000000182e+00
2.363539999999999974e+00 2.270049999999999901e+00
2.359300000000000175e+00 2.266739999999999977e+00
2.355049999999999866e+00 2.263230000000000075e+00
2.350810000000000066e+00 2.259320000000000217e+00
2.346569999999999823e+00 2.253709999999999880e+00
2.342330000000000023e+00 2.248200000000000198e+00
2.338080000000000158e+00 2.242490000000000094e+00
2.333839999999999915e+00 2.236769999999999925e+00
2.329600000000000115e+00 2.230960000000000054e+00
2.325359999999999872e+00 2.223339999999999872e+00
2.321110000000000007e+00 2.214830000000000076e+00
2.316870000000000207e+00 2.206409999999999982e+00
2.312629999999999963e+00 2.198290000000000077e+00
2.308390000000000164e+00 2.189970000000000194e+00
2.304139999999999855e+00 2.181150000000000144e+00
2.299900000000000055e+00 2.172029999999999905e+00
2.295659999999999812e+00 2.162710000000000132e+00
2.291420000000000012e+00 2.152789999999999981e+00
2.287170000000000147e+00 2.143269999999999786e+00
2.282929999999999904e+00 2.133449999999999847e+00
2.278690000000000104e+00 2.122219999999999995e+00
2.274439999999999795e+00 2.110300000000000065e+00
2.270199999999999996e+00 2.098770000000000024e+00
2.265960000000000196e+00 2.087650000000000006e+00
2.261719999999999953e+00 2.076420000000000154e+00
2.257470000000000088e+00 2.064299999999999802e+00
2.253229999999999844e+00 2.051769999999999872e+00
2.248990000000000045e+00 2.039140000000000175e+00
2.244749999999999801e+00 2.026619999999999866e+00
2.240499999999999936e+00 2.014289999999999914e+00
2.236260000000000137e+00 2.000760000000000094e+00
2.232019999999999893e+00 1.986529999999999907e+00
2.227780000000000094e+00 1.972199999999999953e+00
2.223529999999999784e+00 1.957770000000000010e+00
2.219289999999999985e+00 1.942229999999999901e+00
2.215050000000000185e+00 1.926399999999999890e+00
2.210809999999999942e+00 1.909359999999999946e+00
2.206560000000000077e+00 1.892320000000000002e+00
2.202319999999999833e+00 1.877289999999999903e+00
2.198080000000000034e+00 1.863660000000000094e+00
2.137519999999999865e+00 1.623410000000000020e+00
2.134049999999999780e+00 1.608610000000000095e+00
2.129809999999999981e+00 1.590570000000000039e+00
2.125570000000000181e+00 1.572729999999999961e+00
2.121329999999999938e+00 1.554089999999999971e+00
2.117080000000000073e+00 1.535150000000000015e+00
2.112839999999999829e+00 1.516100000000000003e+00
2.108600000000000030e+00 1.497160000000000046e+00
2.104359999999999786e+00 1.478120000000000100e+00
2.100109999999999921e+00 1.457880000000000065e+00
2.095870000000000122e+00 1.437329999999999997e+00
2.091629999999999878e+00 1.415890000000000093e+00
2.087390000000000079e+00 1.395040000000000058e+00
