2.093869999999999898e+00 6.541000000000000147e-01
2.107530000000000125e+00 8.140910000000000091e-01
2.114510000000000112e+00 5.719049999999999967e-01
2.120130000000000070e+00 8.945309999999999651e-01
2.134069999999999911e+00 5.623580000000000245e-01
2.134619999999999962e+00 9.847960000000000047e-01
2.149430000000000174e+00 1.075039999999999996e+00
2.153630000000000155e+00 5.625900000000000345e-01
2.165820000000000078e+00 1.165620000000000100e+00
2.173189999999999955e+00 5.680859999999999799e-01
2.178110000000000213e+00 1.228120000000000100e+00
2.192740000000000133e+00 5.768419999999999659e-01
2.212299999999999933e+00 5.890429999999999833e-01
2.233249999999999957e+00 1.463840000000000030e+00
2.231850000000000112e+00 6.055770000000000319e-01
2.249350000000000183e+00 1.529660000000000020e+00
2.251409999999999911e+00 6.220630000000000326e-01
2.268889999999999851e+00 1.600959999999999939e+00
2.270960000000000090e+00 6.415769999999999529e-01
2.288440000000000030e+00 1.666539999999999910e+00
2.290519999999999889e+00 6.607180000000000275e-01
2.307980000000000143e+00 1.726239999999999997e+00
2.310070000000000068e+00 6.838180000000000369e-01
2.327529999999999877e+00 1.781479999999999952e+00
2.329619999999999802e+00 7.113420000000000298e-01
2.347080000000000055e+00 1.829909999999999926e+00
2.349180000000000046e+00 7.379809999999999981e-01
2.366629999999999789e+00 1.868889999999999940e+00
2.368729999999999780e+00 7.676479999999999970e-01
2.386179999999999968e+00 1.906760000000000010e+00
2.388279999999999959e+00 8.006210000000000271e-01
2.405730000000000146e+00 1.934930000000000039e+00
2.407830000000000137e+00 8.373660000000000547e-01
2.425289999999999946e+00 1.954399999999999915e+00
2.427379999999999871e+00 8.770459999999999923e-01
2.444840000000000124e+00 1.964650000000000007e+00
2.446930000000000049e+00 9.208239999999999759e-01
2.464399999999999924e+00 1.965349999999999930e+00
2.466479999999999784e+00 9.692119999999999624e-01
2.483960000000000168e+00 1.952579999999999982e+00
2.486029999999999962e+00 1.023660000000000014e+00
2.503519999999999968e+00 1.931720000000000104e+00
2.505570000000000075e+00 1.083779999999999966e+00
2.523089999999999833e+00 1.891990000000000061e+00
2.525119999999999809e+00 1.152709999999999901e+00
2.542660000000000142e+00 1.836570000000000036e+00
2.544659999999999922e+00 1.229919999999999902e+00
2.560649999999999871e+00 1.757670000000000066e+00
2.562310000000000088e+00 1.314449999999999896e+00
2.573280000000000012e+00 1.671340000000000048e+00
2.574279999999999902e+00 1.400069999999999926e+00
2.579610000000000181e+00 1.571569999999999911e+00
2.579309999999999992e+00 1.481209999999999916e+00
