5.40121e+0 1.08675e+0
5.39051e+0 1.06078e+0
5.39051e+0 1.02182e+0
5.38776e+0 1.00650e+0
5.40655e+0 1.12208e+0
5.40655e+0 1.15018e+0
5.40655e+0 1.17827e+0
5.41724e+0 1.20637e+0
5.42259e+0 1.24213e+0
5.42259e+0 1.27023e+0
5.43061e+0 1.30727e+0
5.43863e+0 1.34431e+0
5.44932e+0 1.37325e+0
5.45467e+0 1.41072e+0
5.46356e+0 1.45781e+0
5.51020e+0 1.57667e+0
5.52952e+0 1.61123e+0
5.55625e+0 1.66189e+0
5.57496e+0 1.71660e+0
5.59100e+0 1.75619e+0
5.60971e+0 1.79974e+0
5.63912e+0 1.85006e+0
5.67119e+0 1.89731e+0
5.70060e+0 1.93691e+0
5.73802e+0 1.99225e+0
5.77545e+0 2.03695e+0
5.81554e+0 2.07101e+0
5.84762e+0 2.10294e+0
5.87970e+0 2.14253e+0
5.91178e+0 2.17893e+0
5.95188e+0 2.21448e+0
5.99999e+0 2.24853e+0
6.04811e+0 2.28046e+0
6.11226e+0 2.31622e+0
6.19246e+0 2.34381e+0
6.28067e+0 2.37391e+0
6.40097e+0 2.40491e+0
6.56135e+0 2.43047e+0
6.73778e+0 2.45125e+0
6.91421e+0 2.46019e+0
7.09064e+0 2.46449e+0
7.26707e+0 2.46611e+0
7.44350e+0 2.46588e+0
7.61992e+0 2.46565e+0
7.79635e+0 2.46507e+0
7.91664e+0 2.46310e+0
8.05831e+0 2.46071e+0
8.04665e+0 2.24434e+0
7.91531e+0 2.23959e+0
7.73220e+0 2.22868e+0
7.55577e+0 2.20894e+0
7.39538e+0 2.18084e+0
7.25905e+0 2.15275e+0
7.13876e+0 2.12428e+0
7.03450e+0 2.09506e+0
6.94629e+0 2.06539e+0
6.86609e+0 2.03576e+0
6.79392e+0 2.00428e+0
6.72976e+0 1.97522e+0
6.67363e+0 1.94542e+0
6.62551e+0 1.91775e+0
6.57739e+0 1.88965e+0
6.52928e+0 1.85645e+0
6.48116e+0 1.82196e+0
6.43304e+0 1.78492e+0
6.39295e+0 1.75236e+0
6.36087e+0 1.72490e+0
6.32879e+0 1.69425e+0
6.29671e+0 1.66359e+0
6.26463e+0 1.63167e+0
6.23256e+0 1.59910e+0
6.20048e+0 1.56525e+0
6.16840e+0 1.53205e+0
6.13994e+0 1.49309e+0
6.03499e+0 1.38352e+0
6.00801e+0 1.32898e+0
5.97593e+0 1.28428e+0
5.94653e+0 1.23660e+0
5.91178e+0 1.19488e+0
5.87970e+0 1.15401e+0
5.85030e+0 1.10846e+0
5.81554e+0 1.05279e+0
5.78591e+0 1.00635e+0