8.911497123427952098e-08
6.640862026677843377e-08
4.774339388950148083e-08
3.296973918008788297e-08
2.311474185619422964e-08
1.695968965680014147e-08
1.198226148374935527e-08
8.114273635776969614e-09
5.851749482472402258e-09
4.220856604555929654e-09
2.925518623748535726e-09
1.959190185438429331e-09
1.440958452505154616e-09
1.020812530862998374e-09
6.933838101206923235e-10
4.770151558758778717e-10
3.451285878637989871e-10
2.400379151740979934e-10
1.597115465478736026e-10
1.132704719257290438e-10
8.063974856600054632e-11
5.507768229194474248e-11
3.619008119655720472e-11
2.635001267365166960e-11
1.845682061824452829e-11
1.237844184146102642e-11
8.390413603201882914e-12
6.016114218808884224e-12
4.142104962254038499e-12
2.724881050308246147e-12
1.907922986356236931e-12
1.345305588966966171e-12
9.090043997554557241e-13
5.883137348423614681e-13
4.237795767014912286e-13
2.932832197097206330e-13
1.940570458236237245e-13
1.292845115396593236e-13
9.142148666425055675e-14
6.197071400258772649e-14
4.006087839339226890e-14
2.750320310890783976e-14
1.906545648480208527e-14
1.263844385002905811e-14
7.981319693438406595e-15
5.652955191786901233e-15
3.838823253764144210e-15
2.486635578615936166e-15
1.617188526555022757e-15
1.123953303180456082e-15
7.472319925173356638e-16
4.726391069937482059e-16
3.176240863275224714e-16
2.164869767971425057e-16
1.408109046094466253e-16
8.690570857023321797e-17
6.054444873570090396e-17
4.043896109871741974e-17
2.571218275803482542e-17
1.636199770645218675e-17
1.120337908289835368e-17
7.324723738507613536e-18
4.546885440496941641e-18
2.995219961013558368e-18
2.009396122744975271e-18
1.283952311758260766e-18
7.767792294361807668e-19
5.307955378825625269e-19
3.483669803424815015e-19
2.171854443650488548e-19
1.350070357517888680e-19
9.090998232723891424e-20
5.833251568222459123e-20
3.545657469044650668e-20
2.287831321910078249e-20
1.511984973919534545e-20
9.499980056911683433e-21
5.639902090372284348e-21
3.807750858493973347e-21
2.477424811418454169e-21
1.529521181316365367e-21
9.412284526333575659e-22
6.373309003979769550e-22
4.115034788703357566e-22
2.518834212083018287e-22
1.648980301044307583e-22
1.120542692092124735e-22
7.263872816474223438e-23
4.466186368589066964e-23
3.144621234144448004e-23
2.155267231967230729e-23
1.410635089877370512e-23
9.200852497726308974e-24
6.613771644789138306e-24
4.566415816527975136e-24
3.013506631009761416e-24
2.094853934821959188e-24
1.506441463968209053e-24
1.040584976212785394e-24
6.870645839457917767e-25
5.026383251575591913e-25
3.598109596784341894e-25
2.472739627039725972e-25
1.683065854019154528e-25
1.238412278766510483e-25
8.777526633861569797e-26
5.965380446326501985e-26
4.214793188845673246e-26
3.064970131655465405e-26
2.143852824857393399e-26
1.435564163219477381e-26
1.047514043599145274e-26
7.489228273456952044e-27
5.139648436302594609e-27
3.473071057630715687e-27
2.518497840786131149e-27
1.756059095270797704e-27
1.171731974726266809e-27
8.056879704218981552e-28
5.684273959197496262e-28
3.843247188512635375e-28
2.477315634559437963e-28
1.729907702122459403e-28
1.181495019025631549e-28
7.702570743995030453e-29
4.924705396225900475e-29
3.443766321145273457e-29
2.305323854239814070e-29
1.469474947995089587e-29
9.731890741467959277e-30
6.712713489426097165e-30
4.425043349279316910e-30
2.772387790774984448e-30
1.914869743307844343e-30
1.302145435469371082e-30
8.447809847633181645e-31
5.359455508902027656e-31
3.750892474866722639e-31
2.513259892102297035e-31
1.603694049383716810e-31
