2.081449999999999800e+00 1.108880000000000065e-18
2.089420000000000055e+00 1.232520000000000048e-18
2.086520000000000152e+00 1.013429999999999930e-18
2.097690000000000055e+00 9.552109999999999550e-19
2.095509999999999984e+00 1.302690000000000076e-18
2.105319999999999858e+00 1.375579999999999964e-18
2.114590000000000192e+00 9.572390000000000261e-19
2.120039999999999925e+00 1.450919999999999980e-18
2.131479999999999819e+00 9.516719999999999078e-19
2.136929999999999996e+00 1.529640000000000051e-18
2.148379999999999956e+00 9.461380000000000495e-19
2.153830000000000133e+00 1.586189999999999955e-18
2.165280000000000094e+00 9.500709999999999577e-19
2.170560000000000045e+00 1.626849999999999937e-18
2.182170000000000165e+00 9.636489999999999789e-19
2.192660000000000053e+00 1.717570000000000021e-18
2.199069999999999858e+00 9.824029999999999486e-19
2.208060000000000134e+00 1.757859999999999982e-18
2.215959999999999930e+00 1.004710000000000064e-18
2.231889999999999930e+00 1.874319999999999977e-18
2.232860000000000067e+00 1.024240000000000029e-18
2.245400000000000063e+00 1.923860000000000100e-18
2.249760000000000204e+00 1.034860000000000054e-18
2.262290000000000134e+00 1.984930000000000115e-18
2.266649999999999832e+00 1.046520000000000037e-18
2.279189999999999827e+00 2.025710000000000063e-18
2.283549999999999969e+00 1.055790000000000065e-18
2.296079999999999899e+00 2.053950000000000153e-18
2.300440000000000040e+00 1.067080000000000026e-18
2.312980000000000036e+00 2.090659999999999859e-18
2.317340000000000177e+00 1.083309999999999977e-18
2.329880000000000173e+00 2.116779999999999918e-18
2.334239999999999871e+00 1.105150000000000047e-18
2.344860000000000166e+00 2.126520000000000068e-18
2.351129999999999942e+00 1.122000000000000077e-18
2.365299999999999958e+00 2.095950000000000006e-18
2.368030000000000079e+00 1.136470000000000086e-18
2.382200000000000095e+00 2.061400000000000063e-18
2.384920000000000151e+00 1.166420000000000069e-18
2.399099999999999788e+00 2.023500000000000057e-18
2.401600000000000179e+00 1.194689999999999958e-18
2.415989999999999860e+00 1.974060000000000033e-18
2.418719999999999981e+00 1.212910000000000043e-18
2.432889999999999997e+00 1.917989999999999992e-18
2.435610000000000053e+00 1.250120000000000055e-18
2.449780000000000069e+00 1.850700000000000098e-18
2.452510000000000190e+00 1.291380000000000057e-18
2.466680000000000206e+00 1.749180000000000040e-18
2.469399999999999817e+00 1.334740000000000033e-18
2.481160000000000032e+00 1.665029999999999991e-18
2.482759999999999856e+00 1.400219999999999934e-18
2.490749999999999797e+00 1.490599999999999988e-18
2.490120000000000111e+00 1.573269999999999949e-18
