# sine dec          sensitivity E^-2 @ 1 GeV [TeV]
-9.791009999999999991e-01 4.171150000000000054e-12
-9.164050000000000251e-01 4.747739999999999720e-12
-8.537099999999999689e-01 4.799290000000000243e-12
-7.889239999999999586e-01 4.753349999999999734e-12
-7.262279999999999847e-01 4.489069999999999975e-12
-6.635320000000000107e-01 4.018000000000000045e-12
-6.029259999999999620e-01 3.464130000000000104e-12
-5.423200000000000243e-01 2.903140000000000088e-12
-4.817139999999999755e-01 2.401180000000000074e-12
-4.211079999999999823e-01 1.982999999999999931e-12
-3.605019999999999891e-01 1.632680000000000067e-12
-3.009399999999999853e-01 1.323279999999999992e-12
-2.424240000000000006e-01 1.030209999999999909e-12
-1.880880000000000052e-01 7.473080000000000303e-13
-1.442009999999999958e-01 5.076039999999999644e-13
-9.613380000000000536e-02 3.158920000000000236e-13
-3.912689999999999918e-02 2.414639999999999998e-13
3.000449999999999992e-02 2.270669999999999957e-13
8.254960000000000075e-02 2.461919999999999773e-13
1.439390000000000114e-01 2.641560000000000207e-13
2.217349999999999877e-01 2.913739999999999861e-13
2.677439999999999820e-01 3.134219999999999846e-13
3.270640000000000214e-01 3.324290000000000065e-13
4.022990000000000177e-01 3.518209999999999809e-13
4.493210000000000259e-01 3.581099999999999756e-13
5.266459999999999475e-01 3.894840000000000093e-13
5.814000000000000279e-01 4.068350000000000027e-13
6.419369999999999798e-01 4.290439999999999942e-13
6.718910000000000160e-01 4.520660000000000248e-13
7.185650000000000093e-01 4.597390000000000467e-13
7.795189999999999619e-01 4.790730000000000126e-13
8.411699999999999733e-01 5.341910000000000409e-13
9.007309999999999484e-01 6.766010000000000369e-13
9.674760000000000026e-01 1.024139999999999915e-12
9.947749999999999648e-01 1.235589999999999989e-12
