-9.770900000000000141e-01 6.084909999999999928e-11
-9.255440000000000333e-01 6.396839999999999388e-11
-8.722269999999999746e-01 6.858599999999999715e-11
-8.224510000000000431e-01 7.286830000000000365e-11
-7.691350000000000131e-01 7.601009999999999739e-11
-7.164430000000000520e-01 7.827530000000000111e-11
-6.672909999999999675e-01 8.227340000000000201e-11
-6.139750000000000485e-01 8.747149999999999619e-11
-5.641990000000000061e-01 9.223719999999999556e-11
-5.115070000000000450e-01 9.598730000000000157e-11
-4.588149999999999729e-01 9.921129999999999995e-11
-4.061230000000000118e-01 1.027049999999999959e-10
-3.534309999999999952e-01 1.062100000000000008e-10
-3.001150000000000206e-01 1.101719999999999971e-10
-2.474230000000000040e-01 1.141610000000000052e-10
-1.941060000000000008e-01 1.188239999999999921e-10
-1.414140000000000119e-01 1.240440000000000010e-10
-9.226280000000000592e-02 1.296299999999999959e-10
-3.957100000000000201e-02 1.358949999999999996e-10
1.437049999999999959e-02 1.434369999999999980e-10
6.352180000000000326e-02 1.511589999999999895e-10
1.168379999999999974e-01 1.600569999999999882e-10
1.701550000000000007e-01 1.696429999999999952e-10
2.199309999999999876e-01 1.800619999999999878e-10
2.732479999999999909e-01 1.908869999999999996e-10
3.223989999999999911e-01 2.007419999999999878e-10
3.757159999999999944e-01 2.125410000000000056e-10
4.261170000000000235e-01 2.311930000000000049e-10
4.752839999999999843e-01 2.614670000000000030e-10
5.248040000000000482e-01 3.021600000000000195e-10
5.750290000000000123e-01 3.551239999999999929e-10
6.259580000000000144e-01 4.233400000000000084e-10
6.767469999999999875e-01 5.160420000000000260e-10
7.056130000000000457e-01 5.729420000000000053e-10
