-9.713629999999999765e-01 5.205440000000000082e-12
-9.163799999999999724e-01 5.322550000000000176e-12
-8.423829999999999929e-01 5.293249999999999887e-12
-8.018330000000000179e-01 5.294850000000000203e-12
-7.575410000000000199e-01 5.312620000000000036e-12
-6.827029999999999488e-01 5.602160000000000032e-12
-6.042380000000000528e-01 6.122280000000000041e-12
-5.475370000000000514e-01 6.522809999999999749e-12
-4.946160000000000001e-01 6.933629999999999810e-12
-4.490259999999999807e-01 7.281659999999999893e-12
-4.040400000000000102e-01 7.482570000000000094e-12
-3.455170000000000186e-01 7.609189999999999407e-12
-3.046960000000000224e-01 7.692870000000000521e-12
-2.577320000000000166e-01 7.783730000000000802e-12
-1.958759999999999946e-01 7.931030000000000386e-12
-1.531119999999999981e-01 8.123950000000000740e-12
-1.082469999999999960e-01 8.302920000000000330e-12
-5.498279999999999834e-02 8.441279999999999348e-12
-9.163799999999999724e-03 8.450560000000000698e-12
5.841919999999999752e-02 8.433169999999999699e-12
1.328749999999999931e-01 8.361670000000000256e-12
1.779310000000000058e-01 8.352020000000000191e-12
2.323020000000000085e-01 8.460310000000000328e-12
2.859110000000000262e-01 8.808910000000000681e-12
3.287510000000000154e-01 9.140180000000000742e-12
3.795339999999999825e-01 9.612420000000000758e-12
4.177170000000000050e-01 9.989260000000000190e-12
4.513170000000000237e-01 1.017960000000000077e-11
5.383729999999999905e-01 1.073369999999999979e-11
5.933559999999999945e-01 1.144519999999999974e-11
6.575029999999999486e-01 1.279419999999999975e-11
6.953040000000000331e-01 1.381799999999999948e-11
