-9.851710000000000189e-01 4.337449999999999740e-09
-9.456250000000000488e-01 6.542320000000000213e-09
-8.863069999999999560e-01 8.027650000000000087e-09
-8.366959999999999953e-01 8.276200000000000020e-09
-8.121599999999999930e-01 8.149730000000000146e-09
-7.595300000000000384e-01 7.487580000000000731e-09
-7.108259999999999579e-01 6.903009999999999719e-09
-6.841319999999999624e-01 6.504030000000000338e-09
-6.351949999999999541e-01 5.826029999999999991e-09
-5.758769999999999722e-01 4.952550000000000232e-09
-5.288789999999999880e-01 4.297350000000000261e-09
-4.983079999999999732e-01 3.838150000000000027e-09
-4.522990000000000066e-01 3.179830000000000175e-09
-3.979239999999999999e-01 2.406790000000000123e-09
-3.445380000000000109e-01 1.720960000000000021e-09
-2.941179999999999906e-01 1.165460000000000027e-09
-2.476520000000000110e-01 7.579379999999999525e-10
-2.051409999999999900e-01 4.720089999999999982e-10
-1.725160000000000027e-01 2.976779999999999827e-10
-1.452579999999999982e-01 1.529240000000000088e-10
-1.302329999999999877e-01 8.759710000000000608e-11
-1.222059999999999952e-01 4.523750000000000147e-11
-1.140769999999999978e-01 2.746999999999999988e-11
-7.315869999999999318e-02 1.606539999999999978e-11
-3.054870000000000155e-02 1.007410000000000046e-11
-8.403360000000000343e-03 9.351190000000000668e-12
4.696000000000000174e-02 9.855710000000000623e-12
9.441420000000000368e-02 9.569770000000000329e-12
1.507660000000000111e-01 9.164880000000000021e-12
2.041520000000000001e-01 8.371370000000000103e-12
2.538529999999999953e-01 8.402059999999999844e-12
2.862089999999999912e-01 8.287559999999999878e-12
3.336629999999999874e-01 7.960620000000000061e-12
4.127529999999999810e-01 7.478090000000000501e-12
4.577359999999999762e-01 7.271379999999999658e-12
5.220420000000000060e-01 7.016539999999999908e-12
5.518210000000000059e-01 6.984529999999999926e-12
6.144340000000000357e-01 6.937830000000000135e-12
6.579340000000000188e-01 6.937830000000000135e-12
7.360360000000000236e-01 6.970479999999999597e-12
7.993080000000000185e-01 6.652969999999999671e-12
8.459529999999999550e-01 6.684480000000000210e-12
8.726949999999999985e-01 7.121000000000000050e-12
9.149779999999999580e-01 8.138810000000000133e-12
9.762729999999999464e-01 1.154320000000000033e-11
